4.707580e-10 9.62e-01 3.77e-02 1.06e-05 1.25e-10 1.44e-15 9.16e-22 2.76e-24
7.461012e-10 9.54e-01 4.57e-02 1.58e-05 2.29e-10 3.26e-15 2.55e-21 2.76e-24
1.182491e-09 9.42e-01 5.76e-02 2.55e-05 4.75e-10 8.66e-15 8.68e-21 2.76e-24
1.874121e-09 9.28e-01 7.16e-02 4.03e-05 9.51e-10 2.20e-14 2.80e-20 2.76e-24
2.970282e-09 9.14e-01 8.62e-02 5.97e-05 1.73e-09 4.94e-14 7.72e-20 2.76e-24
4.707580e-09 8.92e-01 1.08e-01 9.56e-05 3.56e-09 1.30e-13 2.62e-19 2.76e-24
7.461012e-09 8.68e-01 1.32e-01 1.49e-04 7.09e-09 3.29e-13 8.40e-19 2.76e-24
1.182491e-08 8.37e-01 1.63e-01 2.37e-04 1.44e-08 8.63e-13 2.83e-18 2.76e-24
1.874121e-08 8.07e-01 1.93e-01 3.45e-04 2.59e-08 1.90e-12 7.69e-18 5.46e-24
2.970282e-08 7.67e-01 2.33e-01 5.31e-04 5.08e-08 4.77e-12 2.45e-17 2.22e-23
4.707580e-08 7.19e-01 2.80e-01 8.29e-04 1.03e-07 1.25e-11 8.29e-17 9.70e-23
7.461012e-08 6.76e-01 3.23e-01 1.17e-03 1.79e-07 2.66e-11 2.18e-16 3.14e-22
1.182491e-07 6.20e-01 3.78e-01 1.76e-03 3.45e-07 6.60e-11 6.93e-16 1.28e-21
1.874121e-07 5.62e-01 4.36e-01 2.60e-03 6.52e-07 1.60e-10 2.15e-15 5.08e-21
2.970282e-07 5.07e-01 4.90e-01 3.66e-03 1.15e-06 3.53e-10 5.93e-15 1.76e-20
4.707580e-07 4.42e-01 5.52e-01 5.37e-03 2.19e-06 8.72e-10 1.91e-14 7.32e-20
7.461012e-07 3.79e-01 6.13e-01 7.73e-03 4.09e-06 2.12e-09 6.01e-14 3.00e-19
1.182491e-06 3.19e-01 6.69e-01 1.10e-02 7.60e-06 5.13e-09 1.82e-13 1.14e-18
1.874121e-06 2.69e-01 7.16e-01 1.50e-02 1.33e-05 1.14e-08 5.40e-13 4.49e-18
2.970282e-06 2.16e-01 7.63e-01 2.14e-02 2.51e-05 2.89e-08 1.82e-12 2.01e-17
4.707580e-06 1.69e-01 8.01e-01 3.02e-02 4.77e-05 7.37e-08 6.24e-12 9.29e-17
7.461012e-06 1.29e-01 8.28e-01 4.25e-02 9.14e-05 1.92e-07 2.22e-11 4.49e-16
1.182491e-05 9.56e-02 8.46e-01 5.80e-02 1.67e-04 4.69e-07 7.22e-11 1.96e-15
1.874121e-05 6.99e-02 8.47e-01 8.26e-02 3.38e-04 1.35e-06 2.96e-10 1.14e-14
2.970282e-05 4.76e-02 8.34e-01 1.18e-01 6.99e-04 4.05e-06 1.28e-09 7.17e-14
4.707580e-05 3.01e-02 7.94e-01 1.74e-01 1.69e-03 1.55e-05 7.77e-09 6.82e-13
7.461012e-05 1.70e-02 7.20e-01 2.58e-01 4.31e-03 6.67e-05 5.58e-08 8.15e-12
1.182491e-04 9.33e-03 6.26e-01 3.55e-01 9.39e-03 2.31e-04 3.06e-07 7.07e-11
1.874121e-04 5.09e-03 5.22e-01 4.54e-01 1.81e-02 6.68e-04 1.33e-06 4.64e-10
2.970282e-04 2.54e-03 4.07e-01 5.53e-01 3.50e-02 2.06e-03 6.52e-06 3.61e-09
4.707580e-04 1.18e-03 2.97e-01 6.33e-01 6.27e-02 5.78e-03 2.87e-05 2.50e-08
7.461012e-04 5.13e-04 2.02e-01 6.77e-01 1.05e-01 1.52e-02 1.19e-04 1.62e-07
1.182491e-03 2.25e-04 1.35e-01 6.74e-01 1.57e-01 3.39e-02 3.96e-04 8.07e-07
1.874121e-03 8.17e-05 7.69e-02 6.14e-01 2.28e-01 7.89e-02 1.45e-03 4.62e-06
2.970282e-03 2.69e-05 3.99e-02 5.02e-01 2.94e-01 1.60e-01 4.69e-03 2.40e-05
4.707580e-03 7.82e-06 1.80e-02 3.57e-01 3.29e-01 2.83e-01 1.31e-02 1.06e-04
7.461012e-03 1.90e-06 6.92e-03 2.17e-01 3.16e-01 4.28e-01 3.13e-02 4.00e-04
1.182491e-02 3.97e-07 2.28e-03 1.13e-01 2.61e-01 5.58e-01 6.45e-02 1.30e-03
1.874121e-02 7.26e-08 6.59e-04 5.17e-02 1.88e-01 6.39e-01 1.17e-01 3.73e-03
2.970282e-02 1.19e-08 1.71e-04 2.12e-02 1.22e-01 6.57e-01 1.90e-01 9.60e-03
4.707580e-02 1.77e-09 4.03e-05 7.93e-03 7.24e-02 6.15e-01 2.82e-01 2.26e-02
7.461012e-02 2.41e-10 8.70e-06 2.71e-03 3.92e-02 5.27e-01 3.83e-01 4.85e-02
1.182491e-01 2.99e-11 1.71e-06 8.43e-04 1.93e-02 4.12e-01 4.73e-01 9.50e-02
1.874121e-01 3.36e-12 3.04e-07 2.38e-04 8.63e-03 2.91e-01 5.31e-01 1.69e-01
2.970282e-01 3.42e-13 4.90e-08 6.07e-05 3.49e-03 1.87e-01 5.39e-01 2.71e-01
4.707580e-01 3.15e-14 7.15e-09 1.40e-05 1.28e-03 1.08e-01 4.95e-01 3.95e-01
7.461012e-01 2.65e-15 9.53e-10 2.96e-06 4.28e-04 5.74e-02 4.16e-01 5.26e-01
1.182491e+00 2.06e-16 1.18e-10 5.79e-07 1.32e-04 2.82e-02 3.23e-01 6.48e-01
1.874121e+00 1.51e-17 1.36e-11 1.06e-07 3.86e-05 1.30e-02 2.36e-01 7.51e-01
2.970282e+00 1.05e-18 1.51e-12 1.86e-08 1.07e-05 5.72e-03 1.65e-01 8.29e-01
4.707580e+00 7.12e-20 1.61e-13 3.16e-09 2.88e-06 2.43e-03 1.11e-01 8.86e-01
7.461012e+00 4.70e-21 1.69e-14 5.24e-10 7.55e-07 1.01e-03 7.33e-02 9.26e-01
1.182491e+01 3.05e-22 1.74e-15 8.54e-11 1.95e-07 4.15e-04 4.76e-02 9.52e-01
1.874121e+01 1.96e-23 1.77e-16 1.38e-11 4.99e-08 1.68e-04 3.06e-02 9.69e-01
2.970282e+01 2.76e-24 1.79e-17 2.21e-12 1.27e-08 6.77e-05 1.95e-02 9.80e-01
4.707580e+01 2.76e-24 1.80e-18 3.53e-13 3.21e-09 2.72e-05 1.24e-02 9.88e-01
7.461012e+01 2.76e-24 1.81e-19 5.62e-14 8.11e-10 1.09e-05 7.86e-03 9.92e-01
1.182491e+02 2.76e-24 1.82e-20 8.94e-15 2.04e-10 4.34e-06 4.97e-03 9.95e-01
1.874121e+02 2.76e-24 1.82e-21 1.42e-15 5.14e-11 1.73e-06 3.14e-03 9.97e-01
2.970282e+02 2.76e-24 1.83e-22 2.25e-16 1.29e-11 6.90e-07 1.99e-03 9.98e-01
4.707580e+02 2.76e-24 1.83e-23 3.57e-17 3.25e-12 2.75e-07 1.25e-03 9.99e-01
7.461012e+02 2.76e-24 2.76e-24 5.67e-18 8.17e-13 1.09e-07 7.92e-04 9.99e-01
1.182491e+03 2.76e-24 2.76e-24 8.99e-19 2.05e-13 4.36e-08 5.00e-04 1.00e+00
1.874121e+03 2.76e-24 2.76e-24 1.42e-19 5.16e-14 1.74e-08 3.15e-04 1.00e+00
2.970282e+03 2.76e-24 2.76e-24 2.26e-20 1.30e-14 6.91e-09 1.99e-04 1.00e+00
4.707580e+03 2.76e-24 2.76e-24 3.58e-21 3.25e-15 2.75e-09 1.26e-04 1.00e+00
7.461012e+03 2.76e-24 2.76e-24 5.67e-22 8.17e-16 1.10e-09 7.92e-05 1.00e+00
1.182491e+04 2.76e-24 2.76e-24 8.99e-23 2.05e-16 4.36e-10 5.00e-05 1.00e+00
1.874121e+04 2.76e-24 2.76e-24 1.42e-23 5.16e-17 1.74e-10 3.15e-05 1.00e+00
2.970282e+04 2.76e-24 2.76e-24 2.76e-24 1.30e-17 6.91e-11 1.99e-05 1.00e+00
4.707580e+04 2.76e-24 2.76e-24 2.76e-24 3.25e-18 2.75e-11 1.26e-05 1.00e+00
7.461012e+04 2.76e-24 2.76e-24 2.76e-24 8.18e-19 1.10e-11 7.92e-06 1.00e+00
1.182491e+05 2.76e-24 2.76e-24 2.76e-24 2.05e-19 4.36e-12 5.00e-06 1.00e+00
1.874121e+05 2.76e-24 2.76e-24 2.76e-24 5.16e-20 1.74e-12 3.15e-06 1.00e+00
2.970282e+05 2.76e-24 2.76e-24 2.76e-24 1.30e-20 6.91e-13 1.99e-06 1.00e+00
4.707580e+05 2.76e-24 2.76e-24 2.76e-24 3.25e-21 2.75e-13 1.26e-06 1.00e+00
7.461012e+05 2.76e-24 2.76e-24 2.76e-24 8.18e-22 1.10e-13 7.92e-07 1.00e+00
1.182491e+06 2.76e-24 2.76e-24 2.76e-24 2.05e-22 4.36e-14 5.00e-07 1.00e+00
1.874121e+06 2.76e-24 2.76e-24 2.76e-24 5.16e-23 1.74e-14 3.15e-07 1.00e+00
2.970282e+06 2.76e-24 2.76e-24 2.76e-24 1.30e-23 6.91e-15 1.99e-07 1.00e+00
4.707580e+06 2.76e-24 2.76e-24 2.76e-24 3.25e-24 2.75e-15 1.26e-07 1.00e+00
