4.707580e-10 9.74e-01 2.58e-02 2.69e-05 7.53e-10 3.78e-15 1.21e-20 8.93e-24 8.93e-24
7.461012e-10 9.68e-01 3.15e-02 4.04e-05 1.39e-09 8.59e-15 3.39e-20 8.93e-24 8.93e-24
1.182491e-09 9.60e-01 3.99e-02 6.56e-05 2.90e-09 2.29e-14 1.16e-19 8.93e-24 8.93e-24
1.874121e-09 9.50e-01 5.00e-02 1.04e-04 5.83e-09 5.86e-14 3.77e-19 8.93e-24 8.93e-24
2.970282e-09 9.39e-01 6.06e-02 1.55e-04 1.07e-08 1.32e-13 1.05e-18 8.93e-24 8.93e-24
4.707580e-09 9.24e-01 7.62e-02 2.51e-04 2.22e-08 3.52e-13 3.57e-18 8.93e-24 8.93e-24
7.461012e-09 9.05e-01 9.47e-02 3.96e-04 4.45e-08 8.99e-13 1.16e-17 1.00e-23 8.93e-24
1.182491e-08 8.81e-01 1.18e-01 6.34e-04 9.17e-08 2.38e-12 3.94e-17 4.38e-23 8.93e-24
1.874121e-08 8.58e-01 1.41e-01 9.33e-04 1.66e-07 5.31e-12 1.08e-16 1.48e-22 8.93e-24
2.970282e-08 8.26e-01 1.73e-01 1.46e-03 3.31e-07 1.35e-11 3.51e-16 6.13e-22 8.93e-24
4.707580e-08 7.86e-01 2.12e-01 2.31e-03 6.79e-07 3.58e-11 1.20e-15 2.72e-21 8.93e-24
7.461012e-08 7.49e-01 2.48e-01 3.32e-03 1.20e-06 7.77e-11 3.22e-15 8.92e-21 8.93e-24
1.182491e-07 6.99e-01 2.96e-01 5.08e-03 2.36e-06 1.96e-10 1.04e-14 3.71e-20 8.93e-24
1.874121e-07 6.44e-01 3.48e-01 7.65e-03 4.54e-06 4.84e-10 3.29e-14 1.50e-19 8.93e-24
2.970282e-07 5.91e-01 3.98e-01 1.10e-02 8.14e-06 1.09e-09 9.26e-14 5.28e-19 8.93e-24
4.707580e-07 5.25e-01 4.58e-01 1.64e-02 1.58e-05 2.74e-09 3.03e-13 2.25e-18 8.93e-24
7.461012e-07 4.58e-01 5.18e-01 2.40e-02 3.01e-05 6.78e-09 9.74e-13 9.37e-18 1.84e-23
1.182491e-06 3.91e-01 5.74e-01 3.47e-02 5.67e-05 1.67e-08 3.12e-12 3.76e-17 9.26e-23
1.874121e-06 3.32e-01 6.20e-01 4.79e-02 1.00e-04 3.75e-08 8.97e-12 1.44e-16 4.70e-22
2.970282e-06 2.67e-01 6.64e-01 6.83e-02 1.90e-04 9.51e-08 3.03e-11 6.47e-16 2.82e-21
4.707580e-06 2.08e-01 6.95e-01 9.60e-02 3.60e-04 2.42e-07 1.04e-10 2.97e-15 1.74e-20
7.461012e-06 1.57e-01 7.10e-01 1.33e-01 6.80e-04 6.22e-07 3.63e-10 1.42e-14 1.13e-19
1.182491e-05 1.17e-01 7.05e-01 1.77e-01 1.21e-03 1.48e-06 1.15e-09 6.01e-14 6.41e-19
1.874121e-05 7.89e-02 6.77e-01 2.42e-01 2.34e-03 4.07e-06 4.52e-09 3.35e-13 5.08e-18
2.970282e-05 5.02e-02 6.23e-01 3.22e-01 4.52e-03 1.14e-05 1.83e-08 1.97e-12 4.33e-17
4.707580e-05 2.64e-02 5.34e-01 4.30e-01 9.28e-03 3.45e-05 8.79e-08 1.49e-11 5.15e-16
7.461012e-05 1.18e-02 4.16e-01 5.53e-01 1.95e-02 1.14e-04 4.89e-07 1.38e-10 7.95e-15
1.182491e-04 5.54e-03 3.08e-01 6.50e-01 3.63e-02 3.37e-04 2.29e-06 1.03e-09 9.33e-14
1.874121e-04 2.64e-03 2.24e-01 7.12e-01 6.00e-02 8.38e-04 8.56e-06 5.78e-09 7.92e-13
2.970282e-04 1.12e-03 1.48e-01 7.48e-01 1.00e-01 2.22e-03 3.61e-05 3.87e-08 8.43e-12
4.707580e-04 4.52e-04 9.41e-02 7.44e-01 1.56e-01 5.44e-03 1.38e-04 2.33e-07 7.94e-11
7.461012e-04 1.72e-04 5.64e-02 7.00e-01 2.31e-01 1.26e-02 5.04e-04 1.33e-06 7.14e-10
1.182491e-03 6.82e-05 3.39e-02 6.29e-01 3.10e-01 2.53e-02 1.51e-03 5.98e-06 4.79e-09
1.874121e-03 2.24e-05 1.75e-02 5.17e-01 4.07e-01 5.32e-02 5.07e-03 3.14e-05 3.95e-08
2.970282e-03 6.83e-06 8.39e-03 3.92e-01 4.85e-01 9.98e-02 1.50e-02 1.49e-04 3.00e-07
4.707580e-03 1.87e-06 3.62e-03 2.66e-01 5.20e-01 1.69e-01 4.00e-02 6.26e-04 1.99e-06
7.461012e-03 4.47e-07 1.37e-03 1.59e-01 4.91e-01 2.52e-01 9.42e-02 2.33e-03 1.17e-05
1.182491e-02 9.17e-08 4.44e-04 8.16e-02 3.98e-01 3.22e-01 1.91e-01 7.45e-03 5.92e-05
1.874121e-02 1.58e-08 1.21e-04 3.52e-02 2.71e-01 3.48e-01 3.25e-01 2.01e-02 2.53e-04
2.970282e-02 2.29e-09 2.78e-05 1.28e-02 1.56e-01 3.16e-01 4.68e-01 4.59e-02 9.12e-04
4.707580e-02 2.85e-10 5.46e-06 3.98e-03 7.69e-02 2.47e-01 5.79e-01 8.98e-02 2.83e-03
7.461012e-02 3.12e-11 9.48e-07 1.09e-03 3.35e-02 1.70e-01 6.32e-01 1.55e-01 7.74e-03
1.182491e-01 3.07e-12 1.48e-07 2.70e-04 1.31e-02 1.06e-01 6.21e-01 2.41e-01 1.91e-02
1.874121e-01 2.74e-13 2.09e-08 6.05e-05 4.65e-03 5.93e-02 5.53e-01 3.41e-01 4.26e-02
2.970282e-01 2.22e-14 2.68e-09 1.23e-05 1.49e-03 3.02e-02 4.46e-01 4.36e-01 8.63e-02
4.707580e-01 1.62e-15 3.09e-10 2.25e-06 4.34e-04 1.39e-02 3.25e-01 5.03e-01 1.58e-01
7.461012e-01 1.06e-16 3.22e-11 3.70e-07 1.13e-04 5.74e-03 2.13e-01 5.22e-01 2.60e-01
1.182491e+00 6.26e-18 3.01e-12 5.49e-08 2.66e-05 2.14e-03 1.26e-01 4.88e-01 3.84e-01
1.874121e+00 3.36e-19 2.56e-13 7.40e-09 5.68e-06 7.24e-04 6.73e-02 4.14e-01 5.18e-01
2.970282e+00 1.66e-20 2.01e-14 9.19e-10 1.12e-06 2.26e-04 3.33e-02 3.24e-01 6.42e-01
4.707580e+00 7.71e-22 1.47e-15 1.07e-10 2.06e-07 6.60e-05 1.54e-02 2.38e-01 7.46e-01
7.461012e+00 3.41e-23 1.03e-16 1.19e-11 3.62e-08 1.84e-05 6.80e-03 1.66e-01 8.27e-01
1.182491e+01 8.93e-24 6.97e-18 1.27e-12 6.15e-09 4.94e-06 2.90e-03 1.12e-01 8.85e-01
1.874121e+01 8.93e-24 4.60e-19 1.33e-13 1.02e-09 1.30e-06 1.21e-03 7.41e-02 9.25e-01
2.970282e+01 8.93e-24 2.99e-20 1.37e-14 1.66e-10 3.35e-07 4.94e-04 4.81e-02 9.51e-01
4.707580e+01 8.93e-24 1.92e-21 1.39e-15 2.68e-11 8.58e-08 2.00e-04 3.09e-02 9.69e-01
7.461012e+01 8.93e-24 1.23e-22 1.41e-16 4.30e-12 2.18e-08 8.07e-05 1.97e-02 9.80e-01
1.182491e+02 8.93e-24 8.93e-24 1.42e-17 6.87e-13 5.52e-09 3.23e-05 1.25e-02 9.87e-01
1.874121e+02 8.93e-24 8.93e-24 1.43e-18 1.09e-13 1.39e-09 1.29e-05 7.95e-03 9.92e-01
2.970282e+02 8.93e-24 8.93e-24 1.43e-19 1.74e-14 3.51e-10 5.17e-06 5.03e-03 9.95e-01
4.707580e+02 8.93e-24 8.93e-24 1.43e-20 2.76e-15 8.83e-11 2.06e-06 3.18e-03 9.97e-01
7.461012e+02 8.93e-24 8.93e-24 1.44e-21 4.38e-16 2.22e-11 8.22e-07 2.01e-03 9.98e-01
1.182491e+03 8.93e-24 8.93e-24 1.44e-22 6.95e-17 5.58e-12 3.27e-07 1.27e-03 9.99e-01
1.874121e+03 8.93e-24 8.93e-24 1.44e-23 1.10e-17 1.40e-12 1.30e-07 8.01e-04 9.99e-01
2.970282e+03 8.93e-24 8.93e-24 8.93e-24 1.75e-18 3.53e-13 5.19e-08 5.06e-04 9.99e-01
4.707580e+03 8.93e-24 8.93e-24 8.93e-24 2.77e-19 8.86e-14 2.07e-08 3.19e-04 1.00e+00
7.461012e+03 8.93e-24 8.93e-24 8.93e-24 4.39e-20 2.23e-14 8.23e-09 2.01e-04 1.00e+00
1.182491e+04 8.93e-24 8.93e-24 8.93e-24 6.96e-21 5.59e-15 3.28e-09 1.27e-04 1.00e+00
1.874121e+04 8.93e-24 8.93e-24 8.93e-24 1.10e-21 1.40e-15 1.30e-09 8.02e-05 1.00e+00
2.970282e+04 8.93e-24 8.93e-24 8.93e-24 1.75e-22 3.53e-16 5.19e-10 5.06e-05 1.00e+00
4.707580e+04 8.93e-24 8.93e-24 8.93e-24 2.77e-23 8.86e-17 2.07e-10 3.19e-05 1.00e+00
7.461012e+04 8.93e-24 8.93e-24 8.93e-24 8.93e-24 2.23e-17 8.23e-11 2.01e-05 1.00e+00
1.182491e+05 8.93e-24 8.93e-24 8.93e-24 8.93e-24 5.59e-18 3.28e-11 1.27e-05 1.00e+00
1.874121e+05 8.93e-24 8.93e-24 8.93e-24 8.93e-24 1.40e-18 1.30e-11 8.02e-06 1.00e+00
2.970282e+05 8.93e-24 8.93e-24 8.93e-24 8.93e-24 3.53e-19 5.19e-12 5.06e-06 1.00e+00
4.707580e+05 8.93e-24 8.93e-24 8.93e-24 8.93e-24 8.86e-20 2.07e-12 3.19e-06 1.00e+00
7.461012e+05 8.93e-24 8.93e-24 8.93e-24 8.93e-24 2.23e-20 8.23e-13 2.01e-06 1.00e+00
1.182491e+06 8.93e-24 8.93e-24 8.93e-24 8.93e-24 5.59e-21 3.28e-13 1.27e-06 1.00e+00
1.874121e+06 8.93e-24 8.93e-24 8.93e-24 8.93e-24 1.40e-21 1.30e-13 8.02e-07 1.00e+00
2.970282e+06 8.93e-24 8.93e-24 8.93e-24 8.93e-24 3.53e-22 5.19e-14 5.06e-07 1.00e+00
4.707580e+06 8.93e-24 8.93e-24 8.93e-24 8.93e-24 8.86e-23 2.07e-14 3.19e-07 1.00e+00
